<?xml version="1.0"?>
<opencv_storage>
<calibration_Time>"Tue May 12 14:16:18 2015"</calibration_Time>
<nrOfFrames>25</nrOfFrames>
<image_Width>1280</image_Width>
<image_Height>720</image_Height>
<board_Width>9</board_Width>
<board_Height>6</board_Height>
<square_Size>50.</square_Size>
<FixAspectRatio>1.</FixAspectRatio>
<!-- flags:  +fix_aspectRatio +fix_principal_point +zero_tangent_dist -->
<flagValue>14</flagValue>
<Camera_Matrix type_id="opencv-matrix">
  <rows>3</rows>
  <cols>3</cols>
  <dt>d</dt>
  <data>
    1.0163736358345740e+03 0. 6.3950000000000000e+02 0.
    1.0163736358345740e+03 3.5950000000000000e+02 0. 0. 1.</data></Camera_Matrix>
<Distortion_Coefficients type_id="opencv-matrix">
  <rows>5</rows>
  <cols>1</cols>
  <dt>d</dt>
  <data>
    1.0889367066616612e-02 2.4429917309369917e-01 0. 0.
    -6.5467989292348749e-01</data></Distortion_Coefficients>
<Avg_Reprojection_Error>9.9857667714001541e-01</Avg_Reprojection_Error>
<Per_View_Reprojection_Errors type_id="opencv-matrix">
  <rows>25</rows>
  <cols>1</cols>
  <dt>f</dt>
  <data>
    7.47732162e-01 8.47459793e-01 9.16195750e-01 9.80980456e-01
    1.04482555e+00 1.04452300e+00 1.03333044e+00 9.97938991e-01
    9.65016186e-01 9.41902637e-01 9.55937922e-01 1.11602795e+00
    1.19108236e+00 1.09731221e+00 1.01334417e+00 9.68351007e-01
    9.41354513e-01 9.79291677e-01 1.03239012e+00 1.00771403e+00
    1.13914120e+00 1.16620970e+00 1.04883957e+00 8.44172657e-01
    8.00963163e-01</data></Per_View_Reprojection_Errors>
<!-- a set of 6-tuples (rotation vector + translation vector) for each view -->
<Extrinsic_Parameters type_id="opencv-matrix">
  <rows>25</rows>
  <cols>6</cols>
  <dt>d</dt>
  <data>
    -1.6130990131714605e-04 2.5325710464449280e-01
    1.3820085034243264e+00 -1.8152002415636753e+02
    -2.2136872900056673e+02 9.6128628868860665e+02
    5.9567143808180482e-03 2.6795620025515915e-01 1.3879852367287377e+00
    -1.9648116746189140e+02 -2.1830359881342096e+02
    9.5763626275559523e+02 2.1075630071077496e-02 2.8927474792677549e-01
    1.3946502898104012e+00 -2.1586833780339768e+02
    -2.1621476036301931e+02 9.5143300897241193e+02
    2.5879918672943543e-02 3.0609602693102900e-01 1.3932921723909675e+00
    -2.4832727713925519e+02 -2.1544869540684363e+02
    9.4974574465955686e+02 2.8146484771758341e-02 3.2013852374104013e-01
    1.3929003875287751e+00 -2.7887466164018593e+02
    -2.1392198506369371e+02 9.5323740744087536e+02
    4.1127244356336336e-02 3.4389961167422667e-01 1.3971573685114760e+00
    -3.1634218574905492e+02 -2.1143946616110014e+02
    9.5629776376895393e+02 4.8345467995806808e-02 3.4945051710530078e-01
    1.3938071922868625e+00 -3.4245569093880243e+02
    -2.0698803218471303e+02 9.5895562586137476e+02
    5.4017949741742503e-02 3.4737564687089023e-01 1.3842473190886100e+00
    -3.5053598127921032e+02 -2.0486303967994166e+02
    9.5947075769955870e+02 5.0045332421157759e-02 3.3877658248542730e-01
    1.3846876624731581e+00 -3.3850811235017687e+02
    -2.0473986650863031e+02 9.6057859913018126e+02
    5.8273562261841251e-02 3.3410344125183800e-01 1.3970031950854702e+00
    -3.0486788537100483e+02 -2.0631821565956645e+02
    9.5400012226268177e+02 6.3316205634937520e-02 3.4445036333833495e-01
    1.4155247338148285e+00 -2.6581734944416354e+02
    -2.0825731646319983e+02 9.4768183514466205e+02
    8.1151854384697047e-02 3.6938103616364415e-01 1.4330263234781502e+00
    -2.0221545935771087e+02 -2.0644713109434210e+02
    9.2749182622974251e+02 9.2261541791898286e-02 4.5666161674110461e-01
    1.4866574182910663e+00 -1.1658962668593404e+02
    -2.0261582192058179e+02 9.0424093597320689e+02
    8.4031471450959475e-02 5.2339139178516592e-01 1.5352700945517561e+00
    -4.3559310014805646e+01 -1.9524236459887473e+02
    8.9136122655325892e+02 3.8863714107426568e-02 5.8716143628023632e-01
    1.5751711853181374e+00 2.1173356209922513e+01
    -1.8740925063814717e+02 8.9998761002297965e+02
    -1.9857627768074685e-03 6.7752030450362444e-01
    1.6234916315887877e+00 8.3786019714137907e+01
    -1.7452928703832575e+02 9.0549004957239231e+02
    -4.9211638166297145e-02 7.4344431297477376e-01
    1.6641293222557079e+00 1.3707326795408255e+02
    -1.6487638547894804e+02 9.1502989988958973e+02
    -9.2366005898348910e-02 7.9988065881661408e-01
    1.7035219284058434e+00 1.7613808030327255e+02
    -1.5036813371184593e+02 9.2199533120659601e+02
    -1.4014272128218144e-01 8.4533344977475644e-01
    1.7378141131914107e+00 2.2157141529697105e+02
    -1.2804651138657090e+02 9.1879391800548467e+02
    -1.8790763693632290e-01 8.4724963868292835e-01
    1.7582993345006384e+00 2.5777119281060322e+02
    -1.1077032402426941e+02 9.1718332426786935e+02
    -2.5385860855575826e-01 7.8662311109341898e-01
    1.7414081013422493e+00 2.8517110105538677e+02
    -1.1339409449036188e+02 9.3158036022671877e+02
    -2.8682867359551045e-01 6.8452412372593419e-01
    1.6889839336015688e+00 2.8372211152146889e+02
    -1.3173317211524980e+02 9.4513156519689812e+02
    -3.0853302809644612e-01 5.5819031057498525e-01
    1.6264394265423021e+00 2.6727476114539951e+02
    -1.5407217632411886e+02 9.5992811872852985e+02
    -3.1550392508436009e-01 4.2937785491147173e-01
    1.5781257330390299e+00 2.4622498811674652e+02
    -1.7151078319721321e+02 9.6908894685343319e+02
    -3.3487335018137332e-01 3.2809877317649094e-01
    1.5419616262209335e+00 2.2453772908699702e+02
    -1.8135242785006466e+02 9.7980562533455611e+02</data></Extrinsic_Parameters>
